dsc_gt: 0.8172484636306763

dsc_gt: 0.9162701964378357

dsc_gt: 0.5785979628562927