dsc_gt: 0.8166501522064209

dsc_gt: 0.9157543778419495

dsc_gt: 0.47153183817863464