dsc_gt: 0.8165322542190552

dsc_gt: 0.919098436832428

dsc_gt: 0.558752715587616